#f/Hz U/V U_C/V a/µs
#2 3.52 12.8 72000
#5 7.44 13.0 26800
#10 10.4 13.2 10000
#50 12.9 13.2 340
#100 13.0 13.2 220
500 13.0 13.4 0
2000 13.1 13.3 0
4000 13.0 13.4 0
6000 13.1 13.6 0
8000 13.0 13.9 3.5
9000 13.0 14.1 2.2
10000 13.0 14.4 1.5
11000 13.0 14.6 1.6
12000 13.0 14.8 1.8
13000 13.0 15.0 1.7
14000 13.0 15.4 1.2
15000 13.1 15.7 1.6
16000 13.0 17.0 1.4
17000 13.0 17.6 1.1
18000 13.0 18.4 1.2
19000 13.0 19.0 1.6
20000 13.0 19.6 1.5
21000 13.0 20.4 1.28
22000 13.0 21.6 1.9
23000 13.0 23.0 1.9
24000 13.0 24.2 2.2
25000 12.9 25.8 2.3
26000 12.8 27.6 2.4
27000 12.7 29.8 2.6
28000 12.7 32.6 2.8
29000 12.6 35.6 3.3
29500 12.6 38.0 3.4
30000 12.6 39.6 3.5
30500 12.4 42.0 4.3
31000 12.4 43.6 4.1
31500 12.3 45.2 4.9
32000 12.2 47.6 4.8
32500 12.2 48.8 5.6
33000 12.1 50.0 5.5
33500 11.9 50.8 6.4
34000 11.8 51.2 6.8
34500 11.8 50.8 7.3
35000 11.9 50.0 7.6
35500 11.9 48.8 8.2
36000 11.9 46.8 8.3
36500 12.1 44.8 8.9
37000 12.1 42.4 9.2
37500 12.2 40.4 9.2
38000 12.4 38.0 9.2
38500 12.4 35.6 9.3
39000 12.4 33.6 9.6
39500 12.4 31.6 9.8
40000 12.5 30.0 9.8
41000 12.6 26.8 9.7
42000 12.6 24.0 9.5
43000 12.7 21.6 9.6
44000 12.7 19.6 9.6
45000 12.7 18.0 9.2
47500 12.8 13.4 9.5
50000 12.9 11.2 9.1
55000 12.9 8.24 8.4
60000 13.0 6.40 7.7
65000 12.9 5.04 7.1
70000 12.9 4.08 6.6
80000 13.0 2.88 6.0
90000 13.0 2.16 5.7
100000 13.0 1.70 5.0
150000 12.9 0.624 3.44
200000 13.0 0.30 2.48
250000 13.0 0.145 2.0
300000 13.0 0.064 1.72
