#d/µs delta_f/Hz I/(1000 V^2/s) delta_f/Hz I/(1000 V^2/s)
4.0  -366 300   -195 315
4.5  -391 368   -208 167
5.0  -397 372   -208 190
5.5  -403 523   -195 263
6.0  -403 375   -208 223
6.5  -391 540   -208 364
7.0  -415 401   -220 241
7.5  -446 476   -232 253
8.0  -452 446   -220 218
8.5  -464 336   -232 181
9.0  -433 334   -220 147
9.5  -427 291   -208 154
10.0 -415 331   -195 130
10.5 -403 406   -201 125
11.0 -421 405   -208 130
11.5 -403 337   -208 118
12.0 -330 423   -195 119
12.5 -287 793   -159 207
13.0 -317 1142  -159 404
13.5 -378 1680  -171 713
14.0 -452 1772  -208 867
14.5 -525 2098  -232 955
15.0 -562 2477  -256 1086
15.5 -586 2435  -256 1095
16.0 -537 3092  -244 1227
16.5 -439 3196  -220 1505
17.0 -354 3644  -183 1449
17.5 -330 4029  -171 1430
18.0 -391 6624  -183 1570
18.5 -403 12666 -195 3166
19.0 -415 11532 -195 3390
19.5 -391 7684  -195 2250
