#U/V N I/µA
320 3982 0.1
400 4255 1.0
450 4167 1.4
500 4171 2.0
550 4250 2.2
600 4312 2.8
650 4432 3.4
700 4877 4.0
720 5190 4.4
360 4202 0.6
370 4243 0.8
380 4249 0.9
390 4259 1.0
410 4202 1.1
420 4266 1.2
430 4315 1.3
440 4290 1.5
460 4139 1.6
470 4350 1.6
480 4354 1.7
490 4202 1.8
510 4316 2.2
520 4406 2.2
530 4199 2.2
540 4339 2.2
560 4362 2.4
570 4312 2.6
580 4308 2.9
590 4387 2.8
610 4345 3.0
620 4397 2.9
630 4426 3.2
640 4330 3.2
670 4484 3.4
690 4687 3.6
330 4065 0.4
340 4120 0.5
310 3762 0.2
