100.0 3.61
100.5 3.67
101.0 3.72
101.5 3.79
102.0 3.83
102.5 3.88
103.0 3.97
103.5 4.02
104.0 4.07
104.5 7.14
105.0 7.2
105.5 7.24
106.0 7.29
106.5 7.36
107.0 7.45
107.5 4.48
108.0 4.54
108.5 4.6
109.0 4.8
109.5 5.02
110.0 5.1
110.5 5.16
111.0 5.23
111.5 5.3
112.0 5.37
112.5 5.42
113.0 5.72
114.0 5.82
114.5 6.02
115.0 6.08
115.5 6.17
116.0 6.26
116.5 6.52
117.0 6.61
117.5 6.75
118.0 6.9
118.5 7.19
119.0 7.55
119.5 7.61
120.0 7.68
121.0 7.96
121.5 8.00
122.0 8.06
122.5 8.14
123.0 8.32
123.5 8.38
124.0 8.47
124.5 8.55
